年度  1月QBO   2月     3月      4月      5月      6月      7月      8月      9月      10月      11月      12月
2000    4.85    4.20    5.51    3.98   -0.99   -7.83  -13.13  -15.31  -15.52  -14.04  -15.07  -14.56
2001  -15.69  -15.53  -15.99  -17.73  -20.99  -23.31  -24.45  -21.67  -14.29  -10.81   -3.88    1.48
2002    4.64    8.00    9.32   14.03   14.16   13.26   10.05   10.60    8.90    7.66    4.46   -0.50
2003   -1.39   -1.43   -3.30   -8.56  -13.63  -17.71  -22.99  -24.64  -22.51  -20.34  -17.86  -11.38
2004   -4.84    2.61    5.45   10.46   12.97   11.75    9.96    8.74    7.29    8.00    4.35    2.45
2005   -0.69   -0.96   -0.33   -6.64  -15.09  -20.59  -24.20  -25.87  -27.80  -28.76  -29.55  -25.04
2006  -18.83  -11.24   -0.38    5.00   10.36   11.47   10.75    9.10   10.20   10.86   10.10    6.21
2007    2.61    2.43    1.24   -5.18  -14.06  -21.33  -24.92  -27.41  -28.13  -29.05  -27.61  -19.48
2008  -12.42   -4.70    2.19    6.43   11.53   13.45   13.27   11.63   11.60   11.05    9.13   10.46
2009   10.71   12.33   11.44    9.11    1.56   -5.47  -12.21  -14.45  -13.81  -11.69  -13.83  -15.57
2010  -16.02  -16.98  -19.68  -23.57  -26.28  -25.05   -9.84    1.45    6.58   10.83   12.16   10.97
2011    9.18   10.05   10.44   10.71   10.02    3.90    0.44   -0.49   -2.30   -3.05   -9.09  -16.25
2012  -16.07  -15.25  -16.74  -17.62  -22.04  -25.89  -27.82  -27.93  -26.60  -24.51  -18.95  -10.02
2013   -6.07   -1.23    2.85    8.39   12.64   13.38   14.27   14.66   13.12   11.69   12.45   12.55
2014   13.13   12.68   11.72    7.15   -2.81  -13.98  -19.29  -21.64  -23.24  -23.86  -23.65  -25.38
2015  -26.70  -28.62  -28.15  -24.38  -12.33    2.18    7.45   10.97   12.07   13.38   12.79   11.39
2016    9.34    6.77    3.16    0.64    2.37    3.86    6.25   10.07   10.48   12.83   14.16   15.09
2017   14.92   14.78   14.35   13.88    8.01   -3.18  -10.48  -14.42  -15.28  -16.79  -17.20  -18.12
2018  -19.02  -19.37  -19.77  -21.41  -24.23  -28.45  -29.10  -20.41   -9.91   -2.79    3.36    8.05
2019    9.02    9.25   11.82   13.36   14.59   14.36   10.96    9.97    8.25    7.27    5.07    1.66
2020   -2.51   -3.20   -4.36   -5.03   -4.86   -2.78    0.34    4.78    7.95   10.80   11.15   10.37
2021   10.19    8.92    9.75    5.25    0.31   -6.93  -13.17  -13.82  -16.56  -19.14  -19.78  -21.58