         年度   月   CO2
WLG 2000  1   369.99
WLG 2000  2   372.25
WLG 2000  3   374.59
WLG 2000  4   374.58
WLG 2000  5   372.75
WLG 2000  6   370.54
WLG 2000  7   366.58
WLG 2000  8   365.52
WLG 2000  9   368.20
WLG 2000 10   369.71
WLG 2000 11   370.13
WLG 2000 12   371.44
WLG 2001  1   372.82
WLG 2001  2   373.34
WLG 2001  3   374.70
WLG 2001  4   376.43
WLG 2001  5   374.91
WLG 2001  6   371.23
WLG 2001  7   366.37
WLG 2001  8   363.36
WLG 2001  9   367.51
WLG 2001 10   372.96
WLG 2001 11   372.72
WLG 2001 12   372.42
WLG 2002  1   374.36
WLG 2002  2   374.98
WLG 2002  3   375.50
WLG 2002  4   377.16
WLG 2002  5   377.01
WLG 2002  6   372.02
WLG 2002  7   366.20
WLG 2002  8   366.25
WLG 2002  9   370.15
WLG 2002 10   372.21
WLG 2002 11   373.18
WLG 2002 12   374.80
WLG 2003  1   376.07
WLG 2003  2   377.27
WLG 2003  3   378.20
WLG 2003  4   379.38
WLG 2003  5   379.71
WLG 2003  6   375.94
WLG 2003  7   372.29
WLG 2003  8   372.68
WLG 2003  9   374.66
WLG 2003 10   375.76
WLG 2003 11   376.68
WLG 2003 12   378.15
WLG 2004  1   378.85
WLG 2004  2   379.92
WLG 2004  3   382.25
WLG 2004  4   383.61
WLG 2004  5   380.07
WLG 2004  6   374.55
WLG 2004  7   374.67
WLG 2004  8   374.52
WLG 2004  9   374.36
WLG 2004 10   377.90
WLG 2004 11   379.24
WLG 2004 12   380.24
WLG 2005  1   383.59
WLG 2005  2   384.29
WLG 2005  3   383.69
WLG 2005  4   384.75
WLG 2005  5   384.08
WLG 2005  6   380.52
WLG 2005  7   375.83
WLG 2005  8   373.57
WLG 2005  9   376.25
WLG 2005 10   379.59
WLG 2005 11   379.91
WLG 2005 12   380.94
WLG 2006  1   382.78
WLG 2006  2   383.46
WLG 2006  3   385.23
WLG 2006  4   387.08
WLG 2006  5   385.49
WLG 2006  6   381.44
WLG 2006  7   377.87
WLG 2006  8   377.81
WLG 2006  9   379.70
WLG 2006 10   381.20
WLG 2006 11   381.86
WLG 2006 12   383.59
WLG 2007  1   384.98
WLG 2007  2   385.75
WLG 2007  3   387.48
WLG 2007  4   389.12
WLG 2007  5   387.54
WLG 2007  6   385.46
WLG 2007  7   381.68
WLG 2007  8   377.76
WLG 2007  9   380.54
WLG 2007 10   383.32
WLG 2007 11   383.65
WLG 2007 12   385.80
WLG 2008  1   387.66
WLG 2008  2   388.24
WLG 2008  3   389.78
WLG 2008  4   391.06
WLG 2008  5   389.42
WLG 2008  6   384.84
WLG 2008  7   381.34
WLG 2008  8   381.51
WLG 2008  9   383.71
WLG 2008 10   385.48
WLG 2008 11   386.29
WLG 2008 12   386.77
WLG 2009  1   387.65
WLG 2009  2   388.83
WLG 2009  3   391.04
WLG 2009  4   393.24
WLG 2009  5   391.15
WLG 2009  6   385.79
WLG 2009  7   383.07
WLG 2009  8   381.95
WLG 2009  9   383.96
WLG 2009 10   387.38
WLG 2009 11   388.28
WLG 2009 12   388.73
WLG 2010  1   390.34
WLG 2010  2   392.16
WLG 2010  3   393.25
WLG 2010  4   394.48
WLG 2010  5   393.10
WLG 2010  6   388.86
WLG 2010  7   386.77
WLG 2010  8   385.90
WLG 2010  9   387.77
WLG 2010 10   389.57
WLG 2010 11   389.54
WLG 2010 12   391.19
WLG 2011  1   393.23
WLG 2011  2   394.01
WLG 2011  3   395.56
WLG 2011  4   397.28
WLG 2011  5   396.24
WLG 2011  6   391.14
WLG 2011  7   385.92
WLG 2011  8   386.07
WLG 2011  9   389.61
WLG 2011 10   392.45
WLG 2011 11   393.00
WLG 2011 12   394.78
WLG 2012  1   397.90
WLG 2012  2   398.72
WLG 2012  3   398.15
WLG 2012  4   398.33
WLG 2012  5   397.70
WLG 2012  6   393.19
WLG 2012  7   387.88
WLG 2012  8   387.64
WLG 2012  9   391.55
WLG 2012 10   394.79
WLG 2012 11   396.34
WLG 2012 12   397.61
WLG 2013  1   397.44
WLG 2013  2   397.39
WLG 2013  3   399.63
WLG 2013  4   403.05
WLG 2013  5   402.74
WLG 2013  6   397.61
WLG 2013  7   393.52
WLG 2013  8   392.26
WLG 2013  9   393.31
WLG 2013 10   395.83
WLG 2013 11   397.37
WLG 2013 12   398.78
WLG 2014  1   399.00
WLG 2014  2   401.34
WLG 2014  3   404.93
WLG 2014  4   404.22
WLG 2014  5   402.14
WLG 2014  6   398.39
WLG 2014  7   393.32
WLG 2014  8   391.81
WLG 2014  9   394.93
WLG 2014 10   398.15
WLG 2014 11   399.33
WLG 2014 12   400.00
WLG 2015  1   401.83
WLG 2015  2   403.57
WLG 2015  3   404.31
WLG 2015  4   405.28
WLG 2015  5   403.60
WLG 2015  6   399.04
WLG 2015  7   396.03
WLG 2015  8   394.81
WLG 2015  9   397.89
WLG 2015 10   401.47
WLG 2015 11   402.57
WLG 2015 12   404.06
WLG 2016  1   405.41
WLG 2016  2   405.85
WLG 2016  3   407.97
WLG 2016  4   409.90
WLG 2016  5   407.87
WLG 2016  6   402.14
WLG 2016  7   398.67
WLG 2016  8   401.05
WLG 2016  9   403.01
WLG 2016 10   404.80
WLG 2016 11   406.95
WLG 2016 12   407.45
WLG 2017  1   408.33
WLG 2017  2   409.78
WLG 2017  3   410.50
WLG 2017  4   411.95
WLG 2017  5   411.78
WLG 2017  6   407.47
WLG 2017  7   402.54
WLG 2017  8   401.55
WLG 2017  9   403.35
WLG 2017 10   405.50
WLG 2017 11   408.16
WLG 2017 12   409.81
WLG 2018  1   410.56
WLG 2018  2   411.11
WLG 2018  3   411.99
WLG 2018  4   414.52
WLG 2018  5   411.89
WLG 2018  6   405.59
WLG 2018  7   404.79
WLG 2018  8   406.44
WLG 2018  9   406.63
WLG 2018 10   409.16
WLG 2018 11   410.18
WLG 2018 12   410.63
WLG 2019  1   412.10
WLG 2019  2   412.61
WLG 2019  3   413.17
WLG 2019  4   415.34
WLG 2019  5   415.06
WLG 2019  6   408.72
WLG 2019  7   404.02
WLG 2019  8   405.16
WLG 2019  9   408.76
WLG 2019 10   412.16
WLG 2019 11   413.94
WLG 2019 12   414.40
WLG 2020  1   415.09
WLG 2020  2   415.71
WLG 2020  3   417.07
WLG 2020  4   418.80
WLG 2020  5   418.25
WLG 2020  6   412.86
WLG 2020  7   406.69
WLG 2020  8   406.87
WLG 2020  9   413.05
WLG 2020 10   416.45
WLG 2020 11   416.50
WLG 2020 12   416.07